007000000000000000000000000000700000000000000000000070000000
000000000000000000000000000000700000000000000000000007000000
007000000000000000000000000000700000000000000005566778899000
077700000000000000000000000000700000000000000004556677889000
000770000000000000000000000000700000000000000004455667788000
000700000000000000000000000000700000000000000003445566778000
000000000000000000000000000000700000000000000003344556677000
000770000000000000000000000000700000000070707072334455667000
000070000070000000000000000000700000000007777772233445566000
000077000770000000000000000000700000000077000001223344556000
000000000770000000000000000000700000000077000001122334455000
000700000070000000000000000000700000000070000000000000000000
007770000770001111111111111111111110000070000000000000000000
000077000070001222222222222222222210000070000000000000000000
000070000070001233333333333333333210000070000000000000000000
000000000770001234444444444444443210000070000000000000000000
000077000070001234555555555555543210000077000000000000000000
000007000770001234566666666666543210000070000000000000000000
000007700070001234567777777776543210000070000000000000000000
000000000770001234567888888876543210000070000000000000000000
000070000700001234567899999876543210000070000000000000000000
000777000770001234567897779876543210000070000000000000000000
000077700700001234567897779876543210000077000000000000000000
000007000770001234567899999876543210000070000000000000000000
000000000700001234567888888876543210000070000000000000000000
000000000770001234567777777776543210000070000000000000000000
000000000700001234566666666666543210000070000000000000000000
000000000770001234555555555555543210000070000000000000000000
000000000700001234444444444444443210000077070707070000000000
000000000770001233333333333333333210000077777777777770000000
000000000770001222222222222222222210000000000000000700000000
000000000070001111111111111111111110000000000000000770000000
000000000770000000000000000000000070000000000000000700000000
000777777770000000000000000000000070000000000000000700000000
000777777700000000000000000000000077777777777777000700000000
000777777700000000000000000000000000072614736158000700000000
000772614700000000000000000000000000076431865328000700000000
000776431707000000000000777777700000071356824571000770000000
000771356700000000000000726147300000074163853852000700000000
000777777777777700000000764318600000077888111222000700000000
000000000777777700000000713568200000073625158473000700000000
000000070726147700000000741638500000076543187654000700000000
000000000764318700000000778881100000071358246824000700000000
000000000713568700000000736251500000075275275285000000000000
000000000741638707000000000000000000078812234456000000000000
000000000778881700000000000000000000000000000000000000000000
000000000000000777777700000000000000000000000000000000000000
000000000000070726147300000000000000000000000000000000000000
000000000000000764318600000000000000000000000000000000000000
000000000000000713568200000000000000000000000000000000000000
000000000000000741638500000000000000000000000000007777777700
000777777000000778881107000000000000000000000000007777777700
000726147000000736251500000000000000000000000000007261473600
000764318000000000000777777700000000000000000000007643186500
000713568000000000070726147300000000000000000000007135682400
000741638000000000000764318600000000000000000000007416385300
000778881000000000000713568200000000000000000000007788811100
000000000000000000000741638500000000000000000000007362515800
000000000000000000000778881100000000000000000000000000000000
000000000000000000000736251500000000000000000000000000000000
070000000000000000000000000007000000000000000000000700000000
