000000000000000000000000000000000000000000000000000000000000
000000000000000000000000000000000000000000000000000000000000
000000000000000000000000000000000000000000000000000000000000
000000000777777700000000000000000000000000000000000000000000
000000000726147300000000000000000000000000000000000000000000
000000000764318600000000000000000000000000000000000000000000
000000000713568200000000000000000000000000000000000000000000
000000000741638500000000000000000000000000000000000000000000
000000000778881100000000000000000000000000000000000000000000
000000000736251500777777777777777777777777770000000000000000
000000000765431807777748527385263851637416277000000000000000
000000000713582407261400000000000000000000007000000000000000
000000000752752707643100000000000000000000007000000000000000
000000000788122307135600000000000000000000007000000000000000
000000000737373707416300000000000000000000007000000000000000
000000000765543207788800000000000000000000007000000000000000
000000000724613607362500077777777777777770007000000000000000
000000000753864107654300000000851637416276707000000000000000
000000000781234507135800000000000000000003707000000000000000
000000000738484107527500000000000000000007707000000000000000
000000000776655407881200000000000000000004707000000000000000
000000000725725807373700000000000000000001707000000000000000
000000000753175307655400000000000000000006707000000000000000
000000000782346707246100000000000000000002707000000000000000
000000000748516307538600000000000000000007707000000000000000
000000000777766607812726147361583625837258407000000000000000
000000000725847207384777777777777777777777707000000000000000
000000000754217500000000000000000000000000007000000000000000
000000000712467100000000000000000000000000007000000000000000
000000000741638500000000000000000000000000007000000000000000
000000000777888877777777777777777777777777777000000000000000
000000000000000072614736158362583725847251477000000000000000
000000000000000076431865328754318653287542177000000000000000
000000000000000071356824571356824671357824687000000000000000
000000000000000074163853852741638527416416387000000000000000
000000000000000000000000000000000000000000000000000000000000
000000000000000000000000000000000000000000000000000000000000
000000000000000000000000000000000000000000000000000000000000
000000000000000000000000000000000000000000000000000000000000
000000000000000000000000000000000000000000000000000000000000
000000000000000000000000000000000000000000000000000000000000
000000000000000000000000000000000000000000000000000000000000
000000000000000000000000000000000000000000000000000000000000
000000000000000000000000000000000000000000000000000000000000
000000000000000000000000000000000000000000000000000000000000
000000000000000000000000000000000000000000000000000000000000
000000000000000000000000000000000000000000000000000000000000
000000000000000000000000000000000000000000000000000000000000
000000000000000000000000000000000000000000000000000000000000
000000000000000000000000000000000000000000000000000000000000
000000000000000000000000000000000000000000000000000000000000
000000000000000000000000000000000000000000000000000000000000
000000000000000000000000000000000000000000000000000000000000
000000000000000000000000000000000000000000000000000000000000
000000000000000000000000000000000000000000000000000000000000
000000000000000000000000000000000000000000000000000000000000
000000000000000000000000000000000000000000000000000000000000
000000000000000000000000000000000000000000000000000000000000
000000000000000000000000000000000000000000000000000000000000
000000000000000000000000000000000000000000000000000000000000
000000000000000000000000000000000000000000000000000000000000
