000000000000000000000000000000000000000000000000000000000000
000000000000000000000000000000000000000000000000000000000000
000000000000000000000000000000000000000000000000000000000000
000000000777777700000000000000000000000000000000000000000000
000000000726147300000000000000000000000000000000000000000000
000000000764318600000000000000000000000000000000000000000000
000000000713568200000000000000000000000000000000000000000000
000000000741638500000000000000000000000000000000000000000000
000000000778881100000000000000000000000000000000000000000000
000000000736251500777777777777777777777777770000000000000000
000000000765431807777748527385263851637416277000000000000000
000000000713582407261400000000000000000000007000000000000000
000000000752752707643100000000000000000000007000000000000000
000000000788122307135600000000000000000000007000000000000000
000000000737373707416300000000000000000000007000000000000000
000000000765543207788800000000000000000000007000000000000000
000000000724613607362500077777777777777770007000000000000000
000000000753864107654300007000851637416276707000000000000000
000000000781234507135800007000000000000003707000000000000000
000000000738484107527500007000000077777077707777777777700000
000000000776655407881200007000000000007004707000000000000000
000000000725725807373700007000000000007001707000000000000000
000000000753175307655400007777777777777006707000000000000000
000000000782346707246100000000000000000002707000000000000000
000000000748516307538600000000000000000007707000000000000000
000000000777766607812726147361583625837258407000000000000000
000000000725847207384777777777777777777777707000000000000000
000000000754217500000000000000000000000000007000000000000000
000000000777777777777777777700000000000000007000000000000000
000000000762726147361583625800000000000000007000000000000000
000000000746764318653287543177777777777777777000000000000000
000000000031713568245713568262583725847251477000000000000000
000000000014741638538527416354318653287542177000000000000000
000000000087778881112223334456824671357824687000000000000000
000000000063736251584737261541638527416416387000000000000000
000000000056765431876543187600000000000000000000000000000000
000000000031713582468246135700000000000000000000000000000000
000000000025752752752852853800000000000000000000000000000000
000000000088788122344566788100000000000000000000000000000000
000000000073737373736262626200000000000000000000000000000000
000000000056765543211876554300000000000000000000000000000000
000000000042724613683582571400000000000000000000000000000000
000000000035753864175386417500000000000000000000000000000000
000000000018781234567812345600000000000000000000000000000000
000000000083738484151526263700000000000000000000000000000000
000000000067776655443322118800000000000000000000000000000000
000000000052725725835836836100000000000000000000000000000000
000000000005753175317642864200000000000000000000000000000000
000000000000782346782346000000000000000000000000000000000000
000000000000748516300000000000000000000000000000000000000000
000000000000000000000000000000000000000000000000000000000000
000000000000000000000000000000000000000000000000000000000000
000000000000000000000000000000000000000000000000000000000000
000000000000000000000000000000000000000000000000000000000000
000000000000000000000000000000000000000000000000000000000000
000000000000000000000000000000000000000000000000000000000000
000000000000000000000000000000000000000000000000000000000000
000000000000000000000000000000000000000000000000000000000000
000000000000000000000000000000000000000000000000000000000000
000000000000000000000000000000000000000000000000000000000000
000000000000000000000000000000000000000000000000000000000000
