000000000000000000000000000000000000000000000000000000000000
774163852777777777777777777777777777777700000000000000000000
725566667177777777485273852638516374162777777777777777000000
766251484772614737361583625837258472514736148361583625000000
717654318776431868653287543186532875421765328754217643000000
748257135771356828245713568246713578246813571246823571000000
771742742774163858538527416385274164163852741638527527000000
733345566777888111112223334445556667778881112223334445000000
764847373773625151584737261514837362515847372615848372000000
715432218776543181876543187654318765431876543187654318000000
756835825771358242468246135713572468246835713571468246000000
787538641775275272752852853853863863863163164164174174000000
738123456778812232344566788122344566788112334556778112000000
761626273773737373736262626262626151515151515148484848000000
723221188776554323211876554321887654432188765433218776000000
754714724772461363683582571461368358247146136835724714000000
785317531775386414175386417538641753864275386427538642000000
736712356778123454567812345678123456781234567812345567000000
777485163773848414151526263737484851516262737384841515000000
728888877777665545443322118877777544333221188776655443000000
751583614772572585835836836146627247257258358368361461000000
783176421775317530000000000000467000000000000000000000000000
744571245778234670000000077777317000000000000000000000000000
775274852774851637777000072614147777777777777777777700000000
726666777777772614736000076431877726147361587416272600000000
757361584700076431865000000000637764318653288134676400000000
718764328700071356824000000000567713568245718653171300000000
741357135700074163853000000000317741638538528361474100000000
773852752700077888111000000000000778881112221888777800000000
734455667700073625158000000000000736251584731526373000000000
765148483700076543187000777777777777770000001345677777700000
716543218700000000000000726147361583620000002853174162700000
747146835700000000000000764318653287540000002572571346700000
788631642700000000777777713568245713560000002218876531700000
731234556700000000374162741638538527410000003737373614700000
763737373700000000681346700000000000000000001621118887700000
744322188700000000286531700000000000000000003468515263700000
725725725700000000583614700077777770000000005317813456700000
786428531700077777118887700072614730000000006146428531700000
767813456700072614515263700076431860000070008875725725700000
748515263700076431813456700071356820007000002634322188700000
721118887700071356000000000074163870700000074563737373700000
783583614700074163000000000000000070000070075311234556700000
754286531700077888000000000000000070070000077258631642700000
735681346700073625000077777777770070000700071887000000000000
716374162700076543000072614736150070070000073737000000000000
777777777700000000000076431865320070000070075567000000000000
700000000000000000000071356824570070070000076427000000000000
777777777777777770000074163853850070000000078357777777700000
772614736158362580000077888111220070000000072187614736100000
700000000000000000000000000007700000000000074837431865300000
700000007000077000000077707072700000777770076677356824500000
000707000007072077000000007076777700726140070074163853800000
000000007700076072077777007077072600764310070077888111200000
007007700007071076000000007007076400713560000000000007770000
000007000700774071007707777007000000741630000000000007260000
070000000070077007000000007777077770778880007777777707640000
000700007000073007000070007261072610736250007261473607130000
000000000000076007771627007643076430765430007643186507410000
000000000000071000077777000000000000713580007135682400000000
000000000000000000000000000000000000000000000000000000000000
